Col. 1: log of nonborrowed reserves
Col. 2: log of federal funds rate
Col. 3: log of GDP deflator
Col. 4: log of GDP

       9.3633       1.3610       3.2101       7.9458
       9.3483       1.3813       3.2120       7.9579
       9.3477       1.3962       3.2104       7.9747
       9.3563       1.4085       3.2144       7.9751
       9.3429       1.4110       3.2144       7.9761
       9.3472       1.3962       3.2158       7.9717
       9.3539       1.4085       3.2220       7.9837
       9.3528       1.4159       3.2229       7.9892
       9.3516       1.3888       3.2236       7.9994
       9.3613       1.4061       3.2271       8.0133
       9.3635       1.4110       3.2266       8.0147
       9.3819       1.4633       3.2269       8.0201
       9.3822       1.4861       3.2310       8.0277
       9.3683       1.5261       3.2365       8.0352
       9.3591       1.5369       3.2367       8.0484
       9.3606       1.5412       3.2400       8.0457
       9.3566       1.5892       3.2435       8.0373
       9.3544       1.6429       3.2443       8.0387
       9.3613       1.6677       3.2504       8.0436
       9.3440       1.7102       3.2544       8.0474
       9.3466       1.6864       3.2579       8.0540
       9.3471       1.7102       3.2599       8.0527
       9.3586       1.7527       3.2628       8.0559
       9.3665       1.6864       3.2631       8.0564
       9.3863       1.5974       3.2654       8.0622
       9.3856       1.6094       3.2661       8.0666
       9.4122       1.5107       3.2657       8.0679
       9.4208       1.3987       3.2705       8.0710
       9.4197       1.3712       3.2732       8.0694
       9.4215       1.3813       3.2764       8.0654
       9.4420       1.3324       3.2815       8.0707
       9.4413       1.3584       3.2856       8.0850
       9.4539       1.3863       3.2869       8.0727
       9.4695       1.3558       3.2934       8.0705
       9.4726       1.4159       3.2954       8.0876
       9.4690       1.5063       3.2988       8.0916
       9.4722       1.5261       3.3065       8.1026
       9.4584       1.5518       3.3076       8.0959
       9.4356       1.6194       3.3066       8.1028
       9.4280       1.7509       3.3131       8.1164
       9.4246       1.8116       3.3149       8.1197
       9.4380       1.8034       3.3146       8.1130
       9.4672       1.7951       3.3210       8.1213
       9.4630       1.7967       3.3244       8.1331
       9.4674       1.7544       3.3297       8.1176
       9.4793       1.7783       3.3363       8.1329
       9.4807       1.7596       3.3407       8.1310
       9.4743       1.7951       3.3410       8.1240
       9.4644       1.8405       3.3444       8.1423
       9.4634       1.8931       3.3457       8.1424
       9.4534       1.9155       3.3491       8.1477
       9.4309       2.0028       3.3560       8.1456
       9.4311       2.1599       3.3604       8.1464
       9.4263       2.1861       3.3648       8.1379
       9.4124       2.1529       3.3715       8.1457
       9.4387       2.2181       3.3742       8.1519
       9.4527       2.2138       3.3768       8.1473
       9.4536       2.1972       3.3824       8.1501
       9.4703       2.1804       3.3884       8.1392
       9.4765       2.1939       3.3925       8.1386
       9.4825       2.1950       3.3975       8.1356
       9.4742       2.1950       3.4001       8.1474
       9.4859       2.0490       3.4060       8.1417
       9.5003       2.0919       3.4112       8.1458
       9.4758       2.0719       3.4146       8.1354
       9.4877       2.0281       3.4175       8.1446
       9.4571       1.9755       3.4210       8.1551
       9.5064       1.8886       3.4241       8.1563
       9.5358       1.8390       3.4276       8.1448
       9.5480       1.8245       3.4335       8.1439
       9.5507       1.7228       3.4379       8.1445
       9.5628       1.5892       3.4403       8.1480
       9.5638       1.4207       3.4498       8.1707
       9.5811       1.3137       3.4533       8.1644
       9.5805       1.3110       3.4564       8.1732
       9.5892       1.4231       3.4622       8.1742
       9.5955       1.5326       3.4663       8.1746
       9.5863       1.5913       3.4687       8.1735
       9.5682       1.6696       3.4748       8.1751
       9.5736       1.7174       3.4796       8.1810
       9.6110       1.7138       3.4800       8.1837
       9.6060       1.6487       3.4847       8.1808
       9.6067       1.5913       3.4858       8.1821
       9.6227       1.4207       3.4916       8.1935
       9.6387       1.2528       3.4973       8.2029
       9.6376       1.1909       3.5007       8.1922
       9.6410       1.3429       3.5006       8.2131
       9.6508       1.4279       3.5050       8.2219
       9.6568       1.4516       3.5057       8.2282
       9.6683       1.4951       3.5060       8.2244
       9.6548       1.5151       3.5115       8.2241
       9.6565       1.5686       3.5137       8.2411
       9.6459       1.5831       3.5184       8.2378
       9.6574       1.6174       3.5257       8.2497
       9.6699       1.6214       3.5301       8.2513
       9.6547       1.6734       3.5321       8.2509
       9.6517       1.7817       3.5362       8.2733
       9.6238       1.8840       3.5400       8.2716
       9.6224       1.9587       3.5467       8.2767
       9.6171       1.9629       3.5508       8.2786
       9.6044       2.0592       3.5556       8.2785
       9.6093       2.1389       3.5596       8.2800
       9.6203       2.3418       3.5661       8.2833
       9.5927       2.3514       3.5753       8.2624
       9.6097       2.3777       3.5840       8.2828
       9.6463       2.3036       3.5903       8.2821
       9.6541       2.3056       3.5977       8.2874
       9.6629       2.2976       3.6039       8.2844
       9.6912       2.2670       3.6090       8.2765
       9.6761       2.1939       3.6138       8.2725
       9.6688       2.2354       3.6180       8.2749
       9.6525       2.3523       3.6228       8.2769
       9.6480       2.4257       3.6340       8.2788
       9.6542       2.4791       3.6401       8.2750
       9.6560       2.5588       3.6510       8.2703
       9.6545       2.4857       3.6639       8.2645
       9.6634       2.4283       3.6756       8.2706
       9.6817       2.3086       3.6844       8.2647
       9.7027       2.2460       3.6960       8.2527
       9.7392       2.1436       3.7011       8.2547
       9.7416       1.9643       3.7117       8.2513
       9.7513       1.8310       3.7160       8.2527
       9.7625       1.7120       3.7203       8.2448
       9.7641       1.7029       3.7269       8.2557
       9.7579       1.6525       3.7302       8.2615
       9.7702       1.7138       3.7345       8.2661
       9.7614       1.8083       3.7449       8.2744
       9.7677       1.8148       3.7485       8.2783
       9.7672       1.8310       3.7551       8.2818
       9.7647       1.7613       3.7641       8.2905
       9.7866       1.6525       3.7690       8.2852
       9.7815       1.6487       3.7713       8.2928
       9.7728       1.5831       3.7778       8.3102
       9.7832       1.5623       3.7789       8.3123
       9.7883       1.5769       3.7822       8.3131
       9.7799       1.5728       3.7866       8.3174
       9.7884       1.6658       3.7885       8.3133
       9.7881       1.7011       3.7911       8.3210
       9.7821       1.6696       3.7971       8.3187
       9.7955       1.6658       3.8023       8.3173
       9.7952       1.6582       3.8072       8.3271
       9.7972       1.6154       3.8146       8.3251
       9.8129       1.5994       3.8193       8.3268
       9.8166       1.5369       3.8259       8.3416
       9.8175       1.5282       3.8277       8.3402
       9.8107       1.5433       3.8327       8.3406
       9.8147       1.5454       3.8385       8.3477
       9.8204       1.5539       3.8451       8.3592
       9.8190       1.6771       3.8501       8.3676
       9.8096       1.6845       3.8552       8.3568
       9.8215       1.6901       3.8603       8.3723
       9.7902       1.7750       3.8659       8.3735
       9.8118       1.8148       3.8685       8.3809
       9.7789       1.8672       3.8762       8.3707
       9.8064       1.8733       3.8811       8.3795
       9.8212       1.8810       3.8874       8.3835
       9.8419       1.9021       3.8940       8.3707
       9.8603       1.9140       3.8999       8.3738
       9.8500       1.9155       3.9059       8.3983
       9.8443       1.9301       3.9161       8.4123
       9.8224       1.9961       3.9223       8.4133
       9.8402       2.0281       3.9275       8.4195
       9.8417       2.0554       3.9339       8.4140
       9.8401       2.0844       3.9384       8.4292
       9.8487       2.1342       3.9466       8.4259
       9.8433       2.1928       3.9527       8.4295
       9.8610       2.2783       3.9615       8.4342
       9.8461       2.3056       3.9682       8.4388
       9.8426       2.3096       3.9749       8.4312
       9.8214       2.3086       3.9820       8.4368
       9.8222       2.3115       3.9877       8.4374
       9.8302       2.3036       3.9960       8.4352
       9.7863       2.3263       4.0015       8.4351
       9.8196       2.3312       4.0081       8.4378
       9.8428       2.3485       4.0180       8.4496
       9.8481       2.3924       4.0213       8.4415
       9.8345       2.4362       4.0313       8.4351
       9.8175       2.6225       4.0369       8.4481
       9.8251       2.5787       4.0428       8.4428
       9.8652       2.6232       4.0494       8.4402
       9.8757       2.6261       4.0580       8.4575
       9.8536       2.6483       4.0645       8.4424
       9.7969       2.8443       4.0742       8.4411
       9.8377       2.8685       4.0836       8.4386
       9.9117       2.3961       4.0871       8.4155
       9.9283       2.2481       4.0922       8.4143
       9.9357       2.2006       4.1044       8.4240
       9.9328       2.2628       4.1116       8.4201
       9.9040       2.3860       4.1166       8.4255
       9.8953       2.5502       4.1310       8.4374
       9.9080       2.7632       4.1372       8.4389
       9.9198       2.9392       4.1421       8.4492
       9.9207       2.9486       4.1538       8.4563
       9.9310       2.7682       4.1625       8.4560
       9.9564       2.6878       4.1696       8.4600
       9.9454       2.7549       4.1753       8.4442
       9.9146       2.9189       4.1804       8.4514
       9.9181       2.9497       4.1858       8.4560
       9.9356       2.9465       4.1921       8.4618
       9.9531       2.8803       4.1960       8.4547
       9.9680       2.7644       4.2035       8.4610
       9.9783       2.7134       4.2101       8.4453
       9.9915       2.5885       4.2166       8.4511
       9.9968       2.5153       4.2230       8.4416
       9.9688       2.5817       4.2299       8.4181
       9.9520       2.6933       4.2290       8.4304
       9.9620       2.6865       4.2348       8.4398
       9.9529       2.7040       4.2407       8.4446
       9.9740       2.6707       4.2453       8.4210
       9.9650       2.6497       4.2509       8.4359
       9.9777       2.5329       4.2545       8.4420
       9.9954       2.3145       4.2576       8.4266
       9.9929       2.3331       4.2591       8.4406
       10.024       2.2732       4.2635       8.4428
       10.040       2.2192       4.2658       8.4428
       10.050       2.1917       4.2714       8.4484
       10.037       2.1610       4.2725       8.4479
       10.069       2.1412       4.2758       8.4529
       10.083       2.1713       4.2776       8.4515
       10.098       2.1748       4.2840       8.4678
       10.103       2.1552       4.2867       8.4677
       10.110       2.1950       4.2883       8.4806
       10.106       2.2375       4.2934       8.4848
       10.099       2.2576       4.2961       8.4904
       10.107       2.2460       4.2982       8.4924
       10.121       2.2492       4.3032       8.4917
       10.106       2.2343       4.3046       8.5069
       10.110       2.2481       4.3084       8.5192
       10.116       2.2576       4.3161       8.5227
       10.137       2.2607       4.3199       8.5254
       10.122       2.2935       4.3205       8.5327
       10.109       2.3312       4.3261       8.5337
       10.042       2.3341       4.3244       8.5480
       10.120       2.4033       4.3259       8.5460
       10.135       2.4186       4.3320       8.5421
       10.131       2.4544       4.3343       8.5602
       10.139       2.4248       4.3377       8.5476
       10.136       2.3016       4.3398       8.5551
       10.152       2.2439       4.3424       8.5569
       10.176       2.1258       4.3415       8.5629
       10.196       2.1223       4.3487       8.5637
       10.207       2.1401       4.3523       8.5742
       10.205       2.1494       4.3537       8.5694
       10.221       2.1126       4.3572       8.5741
       10.219       2.0757       4.3597       8.5755
       10.255       2.0189       4.3609       8.5742
       10.263       2.0643       4.3665       8.5851
       10.282       2.0669       4.3677       8.5935
       10.288       2.0694       4.3627       8.5864
       10.304       2.0782       4.3720       8.5935
       10.295       2.0857       4.3747       8.5929
       10.330       2.1126       4.3767       8.5941
       10.354       2.0968       4.3790       8.6020
       10.350       2.0618       4.3781       8.6100
       10.367       2.0122       4.3777       8.6072
       10.382       1.9445       4.3821       8.6123
       10.405       1.9242       4.3842       8.6060
       10.429       1.9344       4.3873       8.6086
       10.446       1.8810       4.3914       8.6146
       10.461       1.8197       4.3928       8.6122
       10.470       1.7733       4.3917       8.6193
       10.488       1.7664       4.3980       8.6242
       10.515       1.7984       4.3988       8.6148
       10.557       1.9330       4.4013       8.6244
       10.573       1.8610       4.4070       8.6162
       10.565       1.8083       4.4079       8.6302
       10.560       1.8132       4.4089       8.6338
       10.570       1.8516       4.4155       8.6370
       10.577       1.9242       4.4152       8.6360
       10.575       1.9066       4.4150       8.6375
       10.564       1.8840       4.4189       8.6408
       10.568       1.9066       4.4223       8.6435
       10.564       1.9769       4.4261       8.6518
       10.580       1.9865       4.4304       8.6544
       10.572       1.9006       4.4330       8.6574
       10.561       1.9125       4.4326       8.6641
       10.570       1.9213       4.4388       8.6613
       10.577       1.8840       4.4382       8.6615
       10.570       1.8840       4.4404       8.6728
       10.583       1.9272       4.4466       8.6726
       10.586       1.9587       4.4501       8.6755
       10.593       2.0162       4.4524       8.6765
       10.594       2.0477       4.4593       8.6776
       10.597       2.0807       4.4631       8.6828
       10.587       2.1029       4.4650       8.6823
       10.592       2.1163       4.4696       8.6870
       10.595       2.1223       4.4714       8.6903
       10.596       2.1702       4.4739       8.7020
       10.594       2.2105       4.4798       8.7074
       10.592       2.2364       4.4837       8.7002
       10.581       2.2875       4.4854       8.7000
       10.575       2.2865       4.4883       8.7072
       10.567       2.2834       4.4938       8.7089
       10.560       2.2544       4.4972       8.7124
       10.570       2.2235       4.4999       8.7157
       10.566       2.1961       4.5017       8.7150
       10.571       2.1994       4.5046       8.7141
       10.583       2.1793       4.5078       8.7128
       10.592       2.1459       4.5099       8.7170
       10.604       2.1342       4.5116       8.7178
       10.605       2.1078       4.5184       8.7196
       10.591       2.1090       4.5215       8.7261
       10.610       2.1138       4.5254       8.7320
       10.616       2.1114       4.5307       8.7297
       10.603       2.1017       4.5333       8.7316
       10.601       2.1150       4.5370       8.7245
       10.601       2.0980       4.5405       8.7314
       10.598       2.0956       4.5439       8.7199
       10.607       2.1041       4.5486       8.7203
       10.603       2.0931       4.5499       8.7141
       10.614       2.0554       4.5555       8.7172
       10.633       1.9892       4.5594       8.7097
       10.641       1.9330       4.5650       8.7100
       10.642       1.8326       4.5677       8.7092
       10.639       1.8116       4.5697       8.7060
       10.642       1.7766       4.5722       8.7166
       10.649       1.7544       4.5752       8.7087
       10.656       1.7750       4.5768       8.7135
       10.656       1.7613       4.5795       8.7142
       10.666       1.7334       4.5816       8.7110
       10.671       1.6956       4.5845       8.7212
       10.684       1.6506       4.5864       8.7162
       10.703       1.5707       4.5883       8.7197
       10.723       1.4884       4.5894       8.7176
       10.738       1.3938       4.5947       8.7233
       10.772       1.4012       4.5957       8.7295
       10.787       1.3813       4.5980       8.7352
       10.800       1.3164       4.6022       8.7337
       10.804       1.3403       4.6032       8.7305
       10.801       1.3244       4.6041       8.7428
       10.808       1.1787       4.6064       8.7443
       10.822       1.1939       4.6077       8.7409
       10.839       1.1694       4.6074       8.7443
       10.871       1.1314       4.6126       8.7514
       10.890       1.1282       4.6137       8.7520
       10.902       1.0716       4.6161       8.7570
       10.908       1.1053       4.6203       8.7537
       10.911       1.1086       4.6235       8.7540
       10.916       1.1217       4.6252       8.7523
       10.920       1.0852       4.6290       8.7555
       10.943       1.0986       4.6293       8.7585
       10.949       1.1119       4.6283       8.7599
       10.957       1.1184       4.6328       8.7586
       10.962       1.1086       4.6319       8.7642
       10.974       1.1282       4.6336       8.7676
       10.993       1.0953       4.6361       8.7682
       11.006       1.1053       4.6392       8.7800
       11.010       1.0852       4.6405       8.7777
       11.013       1.1151       4.6446       8.7756
       11.013       1.1787       4.6456       8.7840
       11.009       1.2060       4.6459       8.7853
       11.008       1.2698       4.6494       8.7882
       11.000       1.3888       4.6505       8.7981
       10.997       1.4469       4.6505       8.7955
       10.997       1.4493       4.6538       8.7990
       10.991       1.4974       4.6558       8.8070
       10.990       1.5539       4.6579       8.8021
       10.988       1.5602       4.6583       8.8114
       10.989       1.6658       4.6614       8.8085
       10.989       1.6956       4.6650       8.8099
       10.987       1.7102       4.6686       8.8127
       10.982       1.7783       4.6703       8.8092
       10.974       1.7884       4.6711       8.8112
       10.966       1.8001       4.6746       8.8104
       10.962       1.7934       4.6758       8.8103
       10.953       1.7918       4.6765       8.8174
       10.957       1.7664       4.6806       8.8163
       10.954       1.7475       4.6812       8.8222
       10.952       1.7579       4.6818       8.8272
       10.944       1.7509       4.6843       8.8244
       10.936       1.7579       4.6863       8.8218
       10.935       1.7228       4.6871       8.8214
       10.927       1.7156       4.6905       8.8241
       10.911       1.6525       4.6910       8.8323
       10.926       1.6696       4.6926       8.8260
       10.916       1.6525       4.6948       8.8425
       10.897       1.6563       4.6949       8.8373
       10.890       1.6620       4.6972       8.8374
       10.875       1.6864       4.6984       8.8445
       10.856       1.6525       4.7000       8.8447
       10.838       1.6677       4.7012       8.8436
       10.816       1.6563       4.7032       8.8554
       10.812       1.6696       4.7032       8.8577
       10.818       1.6658       4.7043       8.8486
